UUNITS = MILS
Q1                   -4009.00       275.00        0    SOT23_B             
Q2                   -3826.00       275.00        0    SOT23_B             
Q3                   -3652.00       271.00        0    SOT23_B             
Q4                   -3466.00       275.00        0    SOT23_B             
C1                   -3939.00      1496.00        0    0805                
C2                   -3953.00      1229.00        0    0805                
C4                   -3568.00       922.00        0    0805                
C5                   -3564.00      1026.00        0    0805                
C11                  -1921.00       230.00        0    0805                
C3                   -2832.00      1151.00        0    0805                
C6                   -2831.00      1263.00        0    0805                
C9                   -1897.00       108.00        0    0805                
C7                   -2823.00      1379.00        0    0805                
H1                   -1801.00      2326.00        0    H1                  
H2                   -4086.00      2820.00        0    H1                  
H3                   -3823.00      -386.00        0    H1                  
H4                   -1587.00      -370.00        0    H1                  
IED                  -3442.00      1684.00      180    HDR1X5              
K1                   -1762.00      1539.00      270    KEY_0007            
L1                   -3098.00      1020.00        0    0805                
LED_3.1              -3719.00       519.00        0    0805                
LED_3.2              -3293.00       519.00        0    0805                
LED_3.3              -1760.00       919.00        0    0805                
R1                   -3628.00      1349.00      270    0805                
R10                  -3938.00       109.00        0    0805                
R12                  -2776.00      1822.00        0    0805                
R13                  -2788.00      1662.00        0    0805                
R15                  -1744.00      1081.00        0    0805                
R3                   -2824.00      1022.00        0    0805                
R11                  -3681.00       106.00        0    0805                
R14                  -1757.00      1220.00        0    0805                
R7                   -3948.00       519.00        0    0805                
R8                   -3506.00       518.00        0    0805                
R2                   -3951.00      1349.00        0    0805                
R4                   -3096.00       885.00        0    0805                
R5                   -2823.00       741.00        0    0805                
R6                   -2825.00       898.00        0    0805                
R9                   -3435.00       109.00        0    0805                
S1                   -2779.00      2359.00        0    SWITCH3-KEY         
SPK1                 -3050.00      -107.00        0    AUDIO_3             
SWITCH               -3264.00      2409.00        0    CON4-B              
U1                   -3350.00      1233.00        0    NUC122LQFP48        
U2                   -3955.00      2441.00        0    DC205               
U3                   -2261.00      1242.00        0    HC-6-BLUETOOTH      
U4                   -2376.00       280.00        0    TO262               
Y1                   -3760.00      1280.00       90    XALTDIP2            
Y2                   -3266.00      1030.00      180    XTAL-3_4MM-2P       
